A = [
0, 0, 0, 0, 0, 0;
0, 0, 0, 0, 0, 0;
0, 0, 0, 0, 0, 0;
0, 0, 0, 1, 0, 0;
0, 0, 0, 0, 1, 0;
0, 0, 0, 0, 0, 1];
X = [
0;
0;
-9.81;
0;
0;
0];
P = [
1, 1, 1, 1, 1, 1,
1, 1, 1, 1, 1, 1,
1, 1, 1, 1, 1, 1,
1, 1, 1, 1, 1, 1,
1, 1, 1, 1, 1, 1,
1, 1, 1, 1, 1, 1];
Q = [
0.01,
0.01,
0.01,
0.01,
0.01,
0.01];
R = [
1.25, 0,    0,    0,   0,   0;
0,    1.25, 0,    0,   0,   0;
0,    0,    1.25, 0,   0,   0;
0,    0,    0,    0.1, 0,   0;
0,    0,    0,    0,   0.1, 0;
0,    0,    0,    0,   0,   0.1];
z = [
0,
0,
0,
0,
0,
0];
w = [
0,
0,
0,
0,
0,
0];